


----- N:1024 D:5 K:3 -----

-----sequential
sequential
0.37713599205
17
1024
5
3
1
1
1
[[-3.83469301 -3.30496286 -0.99797217 -2.75390683  1.16174856]
 [-4.6525341  -4.15301091 -2.35613107 -3.24061187 -0.61816268]
 [-2.90900065 -2.02494429  0.15146764 -2.39412843  2.25312194]]

-----stock
stock
5.2653260231
1000
1024
5
3
1
1
1
[[-3.83469301 -3.30496286 -0.99797217 -2.75390683  1.16174856]
 [-2.90900065 -2.02494429  0.15146764 -2.39412843  2.25312194]
 [-4.6525341  -4.15301091 -2.35613107 -3.24061187 -0.61816268]]

-----pyCUDA
pyCUDA
0.0298528671265
16
1024
5
3
1
1
1
[[-3.83469301 -3.30496286 -0.99797217 -2.75390683  1.16174856]
 [-4.6525341  -4.15301091 -2.35613107 -3.24061187 -0.61816268]
 [-2.90900065 -2.02494429  0.15146764 -2.39412843  2.25312194]]
Equals reference (sequential) means: False
Equals reference (sequential) count: False

-----mpi4py
mpi4py
29.6462490559
1000
1024
5
3
1
1
1
[[    0.             0.             0.             0.             0.        ]
 [-3716.17601478 -3041.1043798   -823.54097348 -2769.23147251
   1287.76333023]
 [    0.             0.             0.             0.             0.        ]]
Equals reference (sequential) means: False
Equals reference (sequential) count: False
(11942199296, 12079136768)
(11939053568, 12079136768)

-----hybrid
hybrid
0.00603699684143
8
1024
5
3
1
1
1
[[ -1.29926286e-02  -1.19277271e-02  -5.69924264e-03  -9.29678504e-03
    2.82661348e-04]
 [ -1.93153356e+00  -1.58058139e+00  -4.27883180e-01  -1.43936852e+00
    6.69574460e-01]
 [  0.00000000e+00   0.00000000e+00   0.00000000e+00   0.00000000e+00
    0.00000000e+00]]
Equals reference (sequential) means: False
Equals reference (sequential) count: False



----- N:1024 D:5 K:4 -----

-----sequential
sequential
0.478776216507
18
1024
5
4
1
1
1
[[-3.60603329 -2.50890389 -0.33382584 -2.64617949  1.62085545]
 [-3.91596641 -3.59910152 -1.2217411  -2.77225112  0.93875176]
 [-2.48753729 -1.84963238  0.31007349 -2.28770772  2.57622408]
 [-4.79005239 -4.17943894 -2.50910081 -3.31090104 -0.77881607]]

-----stock
stock
6.62724304199
1000
1024
5
4
1
1
1
[[-3.91596641 -3.59910152 -1.2217411  -2.77225112  0.93875176]
 [-2.48753729 -1.84963238  0.31007349 -2.28770772  2.57622408]
 [-3.60603329 -2.50890389 -0.33382584 -2.64617949  1.62085545]
 [-4.79005239 -4.17943894 -2.50910081 -3.31090104 -0.77881607]]

-----pyCUDA
pyCUDA
0.00391101837158
17
1024
5
4
1
1
1
[[-3.60603329 -2.50890389 -0.33382584 -2.64617949  1.62085545]
 [-3.91596641 -3.59910152 -1.2217411  -2.77225112  0.93875176]
 [-2.48753729 -1.84963238  0.31007349 -2.28770772  2.57622408]
 [-4.79005239 -4.17943894 -2.50910081 -3.31090104 -0.77881607]]
Equals reference (sequential) means: False
Equals reference (sequential) count: False

-----mpi4py
mpi4py
30.1085729599
1000
1024
5
4
1
1
1
[[    0.             0.             0.             0.             0.        ]
 [-3716.17601478 -3041.1043798   -823.54097348 -2769.23147251
   1287.76333023]
 [    0.             0.             0.             0.             0.        ]
 [    0.             0.             0.             0.             0.        ]]
Equals reference (sequential) means: False
Equals reference (sequential) count: False
(11942199296, 12079136768)
(11939053568, 12079136768)

-----hybrid
hybrid
0.00608706474304
8
1024
5
4
1
1
1
[[ -1.29926286e-02  -1.19277271e-02  -5.69924264e-03  -9.29678504e-03
    2.82661348e-04]
 [ -1.93153356e+00  -1.58058139e+00  -4.27883180e-01  -1.43936852e+00
    6.69574460e-01]
 [  0.00000000e+00   0.00000000e+00   0.00000000e+00   0.00000000e+00
    0.00000000e+00]
 [  0.00000000e+00   0.00000000e+00   0.00000000e+00   0.00000000e+00
    0.00000000e+00]]
Equals reference (sequential) means: False
Equals reference (sequential) count: False



----- N:1024 D:5 K:5 -----

-----sequential
sequential
0.645574092865
21
1024
5
5
1
1
1
[[-5.0813439  -4.38318526 -2.75264897 -3.3653036  -1.59213557]
 [-3.69196495 -3.40773812 -0.99721709 -2.63889838  1.27347003]
 [-4.337064   -3.91299422 -1.95615626 -3.12865879  0.22611774]
 [-2.48218737 -1.85968251  0.28893554 -2.29824485  2.56385169]
 [-3.74831302 -2.31482402 -0.15480449 -2.68905499  1.55336384]]

-----stock
stock
7.99768686295
1000
1024
5
5
1
1
1
[[-3.79839109 -2.29503937 -0.15114519 -2.71274187  1.50212501]
 [-4.09982597 -3.61249744 -1.25629091 -2.84390959  0.84469252]
 [-2.54196553 -1.75814153  0.37656825 -2.29713203  2.60240376]
 [-4.82793151 -4.20501542 -2.57277585 -3.33591262 -0.83895615]
 [-2.92279328 -3.185609   -0.85173413 -2.42363127  1.73819697]]

-----pyCUDA
pyCUDA
0.00443506240845
20
1024
5
5
1
1
1
[[-5.0813439  -4.38318526 -2.75264897 -3.3653036  -1.59213557]
 [-3.69196495 -3.40773812 -0.99721709 -2.63889838  1.27347003]
 [-4.337064   -3.91299422 -1.95615626 -3.12865879  0.22611774]
 [-2.48218737 -1.85968251  0.28893554 -2.29824485  2.56385169]
 [-3.74831302 -2.31482402 -0.15480449 -2.68905499  1.55336384]]
Equals reference (sequential) means: False
Equals reference (sequential) count: False

-----mpi4py
mpi4py
29.5808069706
1000
1024
5
5
1
1
1
[[-3716.17601478 -3041.1043798   -823.54097348 -2769.23147251
   1287.76333023]
 [    0.             0.             0.             0.             0.        ]
 [    0.             0.             0.             0.             0.        ]
 [    0.             0.             0.             0.             0.        ]
 [    0.             0.             0.             0.             0.        ]]
Equals reference (sequential) means: False
Equals reference (sequential) count: False
(11942199296, 12079136768)
(11939053568, 12079136768)

-----hybrid
hybrid
0.00233006477356
1
1024
5
5
1
1
1
[[ 0.          0.          0.          0.          0.        ]
 [-0.91416801 -0.7481027  -0.20258845 -0.68122254  0.3167846 ]
 [ 0.          0.          0.          0.          0.        ]
 [ 0.          0.          0.          0.          0.        ]
 [ 0.          0.          0.          0.          0.        ]]
Equals reference (sequential) means: False
Equals reference (sequential) count: False



----- N:1024 D:5 K:10 -----

-----sequential
sequential
1.24660301208
25
1024
5
10
1
1
1
[[-3.98527259 -2.19535185  0.03861152 -2.62187005  1.73900682]
 [-1.5391598  -1.91058843  0.43876766 -1.92043864  2.66080626]
 [-3.71906626 -2.45973775 -0.41766877 -2.87388044  0.74738452]
 [-4.40107916 -3.96425014 -2.03972197 -3.15898478  0.04624366]
 [-2.94731807 -1.74688011  0.28888716 -2.48014196  2.54564831]
 [-5.08739206 -4.40067848 -2.76552805 -3.37455507 -1.59684748]
 [-4.35715212 -3.55134363 -1.00135104 -2.74543948  1.17479609]
 [-3.05367731 -3.57073797 -1.4014071  -2.6591777   0.84662375]
 [-3.12485401 -2.91180969 -0.68927987 -2.5470899   1.94169125]
 [        nan         nan         nan         nan         nan]]

-----stock
stock
10.4758701324
1000
1024
5
10
1
1
1
[[ -5.11118599e+00  -4.38341470e+00  -2.76205773e+00  -3.38177900e+00
   -1.62731571e+00]
 [ -2.99850136e+00  -1.75068085e+00   2.44384084e-01  -2.56584139e+00
    2.53008734e+00]
 [ -3.22617403e+00  -3.61726410e+00  -1.50847248e+00  -2.81449357e+00
    8.89406862e-01]
 [ -4.41982825e+00  -4.01069210e+00  -2.08530189e+00  -3.15889855e+00
   -3.33700274e-03]
 [ -1.81587825e+00  -1.71787591e+00   6.60049942e-01  -1.83243463e+00
    2.81562355e+00]
 [ -3.77951644e+00  -2.59187997e+00  -4.72885543e-01  -2.78412674e+00
    5.03023205e-01]
 [ -3.37742926e+00  -3.10961373e+00  -7.82024864e-01  -2.50399856e+00
    1.87691934e+00]
 [ -3.83559738e+00  -2.20479117e+00  -2.64917985e-02  -2.66065023e+00
    1.71564123e+00]
 [ -4.39187418e+00  -3.55843392e+00  -1.02331423e+00  -2.77668934e+00
    1.14852273e+00]
 [ -1.91174319e+00  -2.86260024e+00  -6.91075414e-01  -2.31719598e+00
    1.83340654e+00]]

-----pyCUDA
pyCUDA
0.00530409812927
24
1024
5
10
1
1
1
[[-3.98527259 -2.19535185  0.03861152 -2.62187005  1.73900682]
 [-1.5391598  -1.91058843  0.43876766 -1.92043864  2.66080626]
 [-3.71906626 -2.45973775 -0.41766877 -2.87388044  0.74738452]
 [-4.40107916 -3.96425014 -2.03972197 -3.15898478  0.04624366]
 [-2.94731807 -1.74688011  0.28888716 -2.48014196  2.54564831]
 [-5.08739206 -4.40067848 -2.76552805 -3.37455507 -1.59684748]
 [-4.35715212 -3.55134363 -1.00135104 -2.74543948  1.17479609]
 [-3.05367731 -3.57073797 -1.4014071  -2.6591777   0.84662375]
 [-3.12485401 -2.91180969 -0.68927987 -2.5470899   1.94169125]
 [ 0.          0.          0.          0.          0.        ]]
Equals reference (sequential) means: False
Equals reference (sequential) count: False

-----mpi4py
mpi4py
28.9062488079
1000
1024
5
10
1
1
1
[[    0.             0.             0.             0.             0.        ]
 [-3716.17601478 -3041.1043798   -823.54097348 -2769.23147251
   1287.76333023]
 [    0.             0.             0.             0.             0.        ]
 [    0.             0.             0.             0.             0.        ]
 [    0.             0.             0.             0.             0.        ]
 [    0.             0.             0.             0.             0.        ]
 [    0.             0.             0.             0.             0.        ]
 [    0.             0.             0.             0.             0.        ]
 [    0.             0.             0.             0.             0.        ]
 [    0.             0.             0.             0.             0.        ]]
Equals reference (sequential) means: False
Equals reference (sequential) count: False
(11942199296, 12079136768)
(11938004992, 12079136768)

-----hybrid
hybrid
0.00609993934631
8
1024
5
10
1
1
1
[[ -1.29926286e-02  -1.19277271e-02  -5.69924264e-03  -9.29678504e-03
    2.82661348e-04]
 [ -1.93153356e+00  -1.58058139e+00  -4.27883180e-01  -1.43936852e+00
    6.69574460e-01]
 [  0.00000000e+00   0.00000000e+00   0.00000000e+00   0.00000000e+00
    0.00000000e+00]
 [  0.00000000e+00   0.00000000e+00   0.00000000e+00   0.00000000e+00
    0.00000000e+00]
 [  0.00000000e+00   0.00000000e+00   0.00000000e+00   0.00000000e+00
    0.00000000e+00]
 [  0.00000000e+00   0.00000000e+00   0.00000000e+00   0.00000000e+00
    0.00000000e+00]
 [  0.00000000e+00   0.00000000e+00   0.00000000e+00   0.00000000e+00
    0.00000000e+00]
 [  0.00000000e+00   0.00000000e+00   0.00000000e+00   0.00000000e+00
    0.00000000e+00]
 [  0.00000000e+00   0.00000000e+00   0.00000000e+00   0.00000000e+00
    0.00000000e+00]
 [  0.00000000e+00   0.00000000e+00   0.00000000e+00   0.00000000e+00
    0.00000000e+00]]
Equals reference (sequential) means: False
Equals reference (sequential) count: False



----- N:1024 D:5 K:25 -----

-----sequential
sequential
2.44931197166
23
1024
5
25
1
1
1
[[        nan         nan         nan         nan         nan]
 [        nan         nan         nan         nan         nan]
 [-5.1413659  -4.38082632 -2.74978979 -3.37978468 -1.67162671]
 [-1.41193383 -3.25989523 -0.9375881  -2.09250671  1.21134388]
 [-4.00869321 -3.82648956 -0.84396413 -2.78207479  1.23752889]
 [-3.01913347 -2.17659691 -0.23686699 -2.87045145  1.54419631]
 [        nan         nan         nan         nan         nan]
 [-3.21347746 -3.62099399 -1.57215897 -2.85826166  0.88994224]
 [-3.39912689 -2.61581625 -0.15564002 -1.9344137   1.79600261]
 [-3.28211333 -2.89420682 -0.65284658 -2.17423509 -0.0782724 ]
 [-1.54517849 -1.67828456  0.69173415 -1.84585262  2.87087167]
 [        nan         nan         nan         nan         nan]
 [-4.63457258 -3.71813473 -1.75870827 -3.12069616  1.20838994]
 [-4.53499883 -4.11760169 -2.50321656 -3.39711377 -0.03658235]
 [-3.94119188 -2.62122032 -1.20258625 -3.38642057  0.83678075]
 [-3.70419132 -3.61424055 -0.78432899 -1.93152337  1.17661272]
 [-3.3584936  -3.12083    -0.86872936 -2.67044389  1.94486928]
 [-4.05035593 -2.20512309  0.26492724 -2.54048861  1.71128704]
 [-2.1408816  -2.55764084 -0.45415707 -2.41580128  2.26839789]
 [-2.97522071 -1.71827926  0.37661781 -2.40420074  2.57587911]
 [        nan         nan         nan         nan         nan]
 [-4.14987052 -2.41108668 -0.41420411 -2.98689537  1.01609021]
 [-4.45577463 -3.38038222 -0.84390285 -2.73403007  1.16751421]
 [-4.23661665 -3.8988638  -1.57346222 -2.88413404 -0.02976702]
 [-3.36890113 -1.96816438 -0.70374055 -3.00890375  2.65261926]]

-----stock
stock
17.3301270008
1000
1024
5
25
1
1
1
[[-2.494163   -1.77620714  0.56963302 -1.7977611   2.5637313 ]
 [-4.6234748  -4.07682784 -2.4705562  -3.4045327   0.01691176]
 [-4.40479295 -2.34780507 -0.79246544 -3.12742296  1.57374865]
 [-3.36244989 -4.14692079 -2.06960644 -2.6662474   0.42693528]
 [-5.6006559  -4.27605217 -2.67086897 -3.26321304 -1.62070328]
 [-3.03649522 -2.18543381 -0.22388    -2.86520366  1.51951838]
 [-4.076905   -2.18236379  0.27870925 -2.596492    1.73613571]
 [-1.03874075 -2.68756643 -0.28079095 -1.93251261  1.9640484 ]
 [-3.45166143 -3.10490915 -0.86088503 -2.65442802  1.96752874]
 [-4.35444035 -3.54292048 -0.84187223 -2.74013106  1.17070232]
 [-3.17188723 -1.70113961  0.35036372 -2.55495711  2.60042398]
 [-2.42025856 -2.94584858 -0.70933122 -2.43573974  2.13222021]
 [-3.93017342 -2.51412122 -0.42040184 -2.95808434  0.68246752]
 [-3.27796086 -3.5036862  -1.34184189 -2.96531004  1.04189702]
 [-1.9413416  -3.37023736 -1.18354981 -1.99821403  0.79136347]
 [-3.49101883 -2.53184094 -0.07320879 -1.96911831  1.75857608]
 [-4.47014225 -3.93081853 -2.18341225 -2.85036592 -1.28853259]
 [-4.62762304 -3.67150144 -1.74549771 -3.12834622  1.18477774]
 [-3.4785585  -1.99830763 -0.74693671 -2.96815348  2.67638882]
 [-3.59426839 -2.89247871 -0.81025908 -2.45679422 -0.4799756 ]
 [-1.33024597 -1.60363963  0.78244034 -1.9687972   3.02301288]
 [-4.26756492 -3.91186304 -1.51379172 -2.96946845  0.03446705]
 [-2.14933064 -1.84130233 -0.09468547 -2.84892998  2.41687204]
 [-4.39587041 -4.77324595 -3.21615284 -3.9763437  -1.67178363]
 [-3.67797832 -3.58659208 -0.78868096 -1.94125428  1.16187432]]

-----pyCUDA
pyCUDA
0.00480389595032
22
1024
5
25
1
1
1
[[ 0.          0.          0.          0.          0.        ]
 [ 0.          0.          0.          0.          0.        ]
 [-5.1413659  -4.38082632 -2.74978979 -3.37978468 -1.67162671]
 [-1.41193383 -3.25989523 -0.9375881  -2.09250671  1.21134388]
 [-4.00869321 -3.82648956 -0.84396413 -2.78207479  1.23752889]
 [-3.01913347 -2.17659691 -0.23686699 -2.87045145  1.54419631]
 [ 0.          0.          0.          0.          0.        ]
 [-3.21347746 -3.62099399 -1.57215897 -2.85826166  0.88994224]
 [-3.39912689 -2.61581625 -0.15564002 -1.9344137   1.79600261]
 [-3.28211333 -2.89420682 -0.65284658 -2.17423509 -0.0782724 ]
 [-1.54517849 -1.67828456  0.69173415 -1.84585262  2.87087167]
 [ 0.          0.          0.          0.          0.        ]
 [-4.63457258 -3.71813473 -1.75870827 -3.12069616  1.20838994]
 [-4.53499883 -4.11760169 -2.50321656 -3.39711377 -0.03658235]
 [-3.94119188 -2.62122032 -1.20258625 -3.38642057  0.83678075]
 [-3.70419132 -3.61424055 -0.78432899 -1.93152337  1.17661272]
 [-3.3584936  -3.12083    -0.86872936 -2.67044389  1.94486928]
 [-4.05035593 -2.20512309  0.26492724 -2.54048861  1.71128704]
 [-2.1408816  -2.55764084 -0.45415707 -2.41580128  2.26839789]
 [-2.97522071 -1.71827926  0.37661781 -2.40420074  2.57587911]
 [ 0.          0.          0.          0.          0.        ]
 [-4.14987052 -2.41108668 -0.41420411 -2.98689537  1.01609021]
 [-4.45577463 -3.38038222 -0.84390285 -2.73403007  1.16751421]
 [-4.23661665 -3.8988638  -1.57346222 -2.88413404 -0.02976702]
 [-3.36890113 -1.96816438 -0.70374055 -3.00890375  2.65261926]]
Equals reference (sequential) means: False
Equals reference (sequential) count: False

-----mpi4py
mpi4py
31.0322399139
1000
1024
5
25
1
1
1
[[    0.             0.             0.             0.             0.        ]
 [-3716.17601478 -3041.1043798   -823.54097348 -2769.23147251
   1287.76333023]
 [    0.             0.             0.             0.             0.        ]
 [    0.             0.             0.             0.             0.        ]
 [    0.             0.             0.             0.             0.        ]
 [    0.             0.             0.             0.             0.        ]
 [    0.             0.             0.             0.             0.        ]
 [    0.             0.             0.             0.             0.        ]
 [    0.             0.             0.             0.             0.        ]
 [    0.             0.             0.             0.             0.        ]
 [    0.             0.             0.             0.             0.        ]
 [    0.             0.             0.             0.             0.        ]
 [    0.             0.             0.             0.             0.        ]
 [    0.             0.             0.             0.             0.        ]
 [    0.             0.             0.             0.             0.        ]
 [    0.             0.             0.             0.             0.        ]
 [    0.             0.             0.             0.             0.        ]
 [    0.             0.             0.             0.             0.        ]
 [    0.             0.             0.             0.             0.        ]
 [    0.             0.             0.             0.             0.        ]
 [    0.             0.             0.             0.             0.        ]
 [    0.             0.             0.             0.             0.        ]
 [    0.             0.             0.             0.             0.        ]
 [    0.             0.             0.             0.             0.        ]
 [    0.             0.             0.             0.             0.        ]]
Equals reference (sequential) means: False
Equals reference (sequential) count: False
(11942199296, 12079136768)
(11938004992, 12079136768)

-----hybrid
hybrid
0.00677394866943
8
1024
5
25
1
1
1
[[ -1.29926286e-02  -1.19277271e-02  -5.69924264e-03  -9.29678504e-03
    2.82661348e-04]
 [ -1.93153356e+00  -1.58058139e+00  -4.27883180e-01  -1.43936852e+00
    6.69574460e-01]
 [  0.00000000e+00   0.00000000e+00   0.00000000e+00   0.00000000e+00
    0.00000000e+00]
 [  0.00000000e+00   0.00000000e+00   0.00000000e+00   0.00000000e+00
    0.00000000e+00]
 [  0.00000000e+00   0.00000000e+00   0.00000000e+00   0.00000000e+00
    0.00000000e+00]
 [  0.00000000e+00   0.00000000e+00   0.00000000e+00   0.00000000e+00
    0.00000000e+00]
 [  0.00000000e+00   0.00000000e+00   0.00000000e+00   0.00000000e+00
    0.00000000e+00]
 [  0.00000000e+00   0.00000000e+00   0.00000000e+00   0.00000000e+00
    0.00000000e+00]
 [  0.00000000e+00   0.00000000e+00   0.00000000e+00   0.00000000e+00
    0.00000000e+00]
 [  0.00000000e+00   0.00000000e+00   0.00000000e+00   0.00000000e+00
    0.00000000e+00]
 [  0.00000000e+00   0.00000000e+00   0.00000000e+00   0.00000000e+00
    0.00000000e+00]
 [  0.00000000e+00   0.00000000e+00   0.00000000e+00   0.00000000e+00
    0.00000000e+00]
 [  0.00000000e+00   0.00000000e+00   0.00000000e+00   0.00000000e+00
    0.00000000e+00]
 [  0.00000000e+00   0.00000000e+00   0.00000000e+00   0.00000000e+00
    0.00000000e+00]
 [  0.00000000e+00   0.00000000e+00   0.00000000e+00   0.00000000e+00
    0.00000000e+00]
 [  0.00000000e+00   0.00000000e+00   0.00000000e+00   0.00000000e+00
    0.00000000e+00]
 [  0.00000000e+00   0.00000000e+00   0.00000000e+00   0.00000000e+00
    0.00000000e+00]
 [  0.00000000e+00   0.00000000e+00   0.00000000e+00   0.00000000e+00
    0.00000000e+00]
 [  0.00000000e+00   0.00000000e+00   0.00000000e+00   0.00000000e+00
    0.00000000e+00]
 [  0.00000000e+00   0.00000000e+00   0.00000000e+00   0.00000000e+00
    0.00000000e+00]
 [  0.00000000e+00   0.00000000e+00   0.00000000e+00   0.00000000e+00
    0.00000000e+00]
 [  0.00000000e+00   0.00000000e+00   0.00000000e+00   0.00000000e+00
    0.00000000e+00]
 [  0.00000000e+00   0.00000000e+00   0.00000000e+00   0.00000000e+00
    0.00000000e+00]
 [  0.00000000e+00   0.00000000e+00   0.00000000e+00   0.00000000e+00
    0.00000000e+00]
 [  0.00000000e+00   0.00000000e+00   0.00000000e+00   0.00000000e+00
    0.00000000e+00]]
Equals reference (sequential) means: False
Equals reference (sequential) count: False



----- N:1024 D:5 K:50 -----

-----sequential
sequential
4.99343204498
25
1024
5
50
1
1
1
[[-4.01469257 -2.50974143 -0.3438938  -3.06039454  0.72846737]
 [-3.89362468 -4.28198778 -2.77606885 -3.19076097  0.01961426]
 [-3.58156578 -2.90515045 -0.86333508 -2.83344446  1.95284049]
 [-4.77599174 -4.07780628 -2.39098054 -3.41612533 -0.03298686]
 [-4.51900867 -2.32190756 -0.62429788 -3.03074918  1.69173452]
 [-4.20814964 -3.95102933 -